=== MODEL B — DIVISION ===
               precision    recall  f1-score   support

        BF697       0.92      0.93      0.93        88
     GB1399.5       0.90      0.96      0.93        78
     GB2403.2       0.93      0.99      0.96       151
        GB651       0.97      0.93      0.95        61
         GN50       0.86      0.95      0.90        77
      HD30.28       0.97      0.98      0.98       345
     HE336.T7       0.94      0.96      0.95       114
        HT166       0.91      0.96      0.93       110
       JZ1305       0.96      0.96      0.96       223
       LB1027       0.92      0.98      0.95        61
       PE1128       0.97      0.96      0.97       242
        QA276       0.95      0.96      0.95       208
        QA300       0.99      0.99      0.99       225
        QA372       0.94      0.94      0.94        66
      QA76.87       0.87      0.92      0.89        49
   QA76.9.A25       0.92      0.98      0.95        49
   QA76.9.A43       0.97      0.96      0.96        91
   QA76.9.A73       0.95      0.95      0.95       181
   QA76.9.N38       0.93      0.94      0.93       108
        QB460       0.98      0.99      0.98       346
        QB520       0.97      0.98      0.98       319
        QB755       0.98      0.95      0.96        84
     QC174.12       0.90      0.99      0.94        78
     QC174.45       0.98      0.99      0.99       190
   QC176.8.P5       0.99      0.99      0.99       171
   QC176.8.S8       0.96      0.92      0.94        48
      QC476.7       0.98      0.89      0.93        55
        QC482       0.92      0.82      0.87        55
     QC611.98       0.98      0.98      0.98       244
        QC665       0.83      0.91      0.87        47
        QC718       0.95      0.97      0.96       429
      QC753.2       0.92      0.95      0.93       219
   QC754.2.M3       0.95      0.96      0.95       219
      QC874.5       0.97      0.94      0.96       236
      QC882.8       0.98      0.94      0.96       198
        QD241       0.94      0.95      0.94       197
        QD262       0.98      0.96      0.97      2076
        QD381       0.97      0.98      0.98       289
        QD411       0.81      0.92      0.86        48
        QD415       0.90      0.93      0.91       115
        QD461       0.94      0.95      0.95       455
        QD506       0.98      0.91      0.94        54
        QD541       0.96      0.94      0.95        68
         QD79       0.95      0.93      0.94       170
     QD79.C45       0.95      0.95      0.95       147
     QD79.E44       0.95      0.93      0.94       187
        QD878       0.83      0.94      0.88        48
        QD923       0.99      0.96      0.97        79
        QE539       0.97      0.99      0.98       586
    QH212.F55       0.93      0.93      0.93        55
        QH447       0.93      0.96      0.95        85
      QH450.2       0.92      0.92      0.92       100
        QH455       0.89      0.87      0.88        45
        QH467       0.94      0.95      0.95        64
        QH491       0.92      0.93      0.93        91
        QH540       0.97      0.96      0.97       877
   QH541.5.S3       0.98      0.93      0.95       109
        QH573       0.98      0.95      0.97        64
        QH600       0.84      0.95      0.89        55
        QH601       0.92      0.93      0.93        89
    QH603.C95       0.90      0.90      0.90       103
        QH605       0.94      0.97      0.95       116
        QK710       0.97      0.99      0.98      1011
        QK882       0.91      0.98      0.95        62
        QL351       0.96      0.96      0.96       339
        QL757       0.94      0.98      0.96        63
        QP141       0.92      0.90      0.91        51
        QP255       0.98      0.95      0.97       348
        QP301       0.97      0.94      0.95        64
        QP321       0.96      0.98      0.97        49
     QP356.25       0.94      0.94      0.94       110
        QP360       0.98      0.95      0.96       332
      QP364.5       0.95      0.94      0.95       221
      QP364.7       0.94      0.95      0.95       210
     QP535.C2       0.94      0.91      0.93       176
        QP551       0.90      0.84      0.87       149
        QP601       0.94      0.97      0.95       392
       QP84.6       0.95      0.98      0.97        57
         QP92       0.98      0.96      0.97        48
        QR175       0.87      0.94      0.90        70
        QR177       0.97      0.96      0.96       378
  QR185.8.I54       0.94      0.99      0.96        76
   QR185.8.T2       0.96      0.96      0.96       256
      QR188.6       0.90      0.94      0.92       105
        QR351       0.98      0.98      0.98        51
        QR355       0.99      0.97      0.98       736
         QR82       0.95      0.97      0.96       175
       R726.8       0.90      0.93      0.92        61
       RA1219       0.93      0.97      0.95        69
    RA644.C67       0.95      0.97      0.96        91
        RB155       0.96      0.99      0.98       142
        RC111       0.96      0.93      0.94       101
        RC150       0.98      0.96      0.97       185
        RC254       0.96      0.95      0.96       132
      RC268.5       0.94      0.87      0.90        53
     RC271.C5       0.93      0.97      0.95        58
     RC280.B7       0.94      0.98      0.96        48
     RC280.B8       0.98      0.96      0.97       377
     RC280.L5       1.00      0.94      0.97        62
        RC311       0.95      0.98      0.97        57
        RC372       0.96      0.95      0.96       109
        RC377       0.97      0.92      0.94        63
      RC388.5       0.93      0.96      0.95        55
    RC406.A24       0.96      0.96      0.96        45
        RC523       0.97      0.96      0.97       158
        RC537       0.98      0.87      0.92        93
        RC591       0.99      0.98      0.98       260
        RC628       0.99      0.94      0.96        79
    RC632.H87       1.00      0.94      0.97       222
        RC643       0.99      0.97      0.98       296
    RC647.C55       0.97      0.97      0.97       176
        RC648       0.98      0.94      0.96        49
        RC660       0.98      0.96      0.97       552
    RC685.A65       0.99      0.97      0.98       167
    RC685.C58       0.99      0.95      0.97        91
     RC685.C6       0.93      0.96      0.94       156
     RC685.H8       0.95      0.96      0.96       158
     RC685.V2       0.95      0.98      0.96       111
        RC692       0.93      0.89      0.91        46
   RC78.7.N83       0.95      0.97      0.96        61
    RC78.7.T6       0.99      0.92      0.95        91
    RC840.H44       0.99      1.00      0.99        73
        RC902       0.96      0.90      0.93        73
        RC933       1.00      0.94      0.97        87
      RD33.53       0.94      1.00      0.97        85
      RD594.2       0.96      0.99      0.98       132
        RD701       0.94      0.98      0.96       269
        RD768       0.93      0.97      0.95        66
         RD82       0.91      0.97      0.94        64
          RE1       0.93      1.00      0.96        99
        RF517       0.96      1.00      0.98        51
        RK361       0.98      0.97      0.97      1172
      RM301.5       0.91      0.90      0.91       157
        RM930       0.97      0.94      0.96       120
    RS201.H93       0.93      0.93      0.93        73
    RS201.N35       0.95      0.96      0.96       114
         RT41       0.93      0.98      0.96       109
         S592       0.91      0.98      0.94        84
       TA1634       0.96      0.94      0.95       137
        TA357       0.98      0.98      0.98       651
  TA418.9.N35       1.00      0.93      0.96        86
        TA462       0.97      0.97      0.97       117
     TA658.44       0.96      0.96      0.96       114
        TA710       0.98      0.94      0.96       127
       TJ1073       1.00      0.98      0.99        51
       TJ1185       0.97      0.99      0.98        67
     TJ211.35       0.94      0.97      0.95        87
        TJ213       0.97      0.97      0.97       210
        TJ759       0.92      0.98      0.95        59
       TK2945       0.96      0.98      0.97       191
       TK2950       1.00      1.00      1.00        47
       TK2960       0.98      0.96      0.97       205
     TK5103.2       0.98      0.97      0.97       307
    TK7871.15       0.93      0.93      0.93        89
TK7871.15.O74       0.94      0.98      0.96       135
     TK7871.6       0.95      0.94      0.94        80
    TK7871.85       0.98      0.97      0.97       962
    TK7872.D5       0.96      0.96      0.96       199
       TK7874       0.91      0.95      0.93       125
   TK7874.654       0.94      0.95      0.94        62
    TK7881.15       0.94      0.93      0.93        54
        TN690       0.98      0.98      0.98       578
        TN713       0.96      0.95      0.95       164

     accuracy                           0.96     29572
    macro avg       0.95      0.95      0.95     29572
 weighted avg       0.96      0.96      0.96     29572

=== MODEL B — SUBCLASS ===
              precision    recall  f1-score   support

          BF       0.92      0.93      0.93        88
          GB       0.94      0.99      0.97       290
          GN       0.86      0.95      0.90        77
          HD       0.97      0.98      0.98       345
          HE       0.94      0.96      0.95       114
          HT       0.91      0.96      0.93       110
          JZ       0.96      0.96      0.96       223
          LB       0.92      0.98      0.95        61
           P       0.97      0.96      0.97       242
          QA       0.97      0.97      0.97       977
          QB       0.99      0.99      0.99       749
          QC       0.97      0.97      0.97      2189
          QD       0.98      0.98      0.98      3933
          QE       0.97      0.99      0.98       586
          QH       0.97      0.96      0.97      1853
          QK       0.97      0.99      0.98      1073
          QL       0.96      0.97      0.96       402
          QP       0.96      0.95      0.96      2207
          QR       0.97      0.98      0.97      1847
           R       0.90      0.93      0.92        61
          RA       0.94      0.97      0.95       160
          RB       0.96      0.99      0.98       142
          RC       0.98      0.97      0.97      4344
          RD       0.95      0.99      0.97       616
          RE       0.93      1.00      0.96        99
          RF       0.96      1.00      0.98        51
          RK       0.98      0.97      0.97      1172
          RM       0.94      0.92      0.93       277
          RS       0.94      0.95      0.95       187
          RT       0.93      0.98      0.96       109
           S       0.91      0.98      0.94        84
          TA       0.98      0.97      0.97      1232
          TJ       0.97      0.98      0.97       474
          TK       0.98      0.98      0.98      2456
          TN       0.98      0.98      0.98       742

    accuracy                           0.97     29572
   macro avg       0.95      0.97      0.96     29572
weighted avg       0.97      0.97      0.97     29572
